mean_absolute_error: 3.4889591871031884
mean_squared_error: 17.670210507114604
explained_variance_score: 0.9099437277886655