mean_absolute_error: 3.3924757924648623
mean_squared_error: 18.64754421116687
explained_variance_score: 0.9275502951369885